#number of rooms
NR 2

#rooms
R 0
  W 0 0 1000 50
  W 0 950 400 50
  W 500 950 500 50
  L 700 50 50 900
  D 300 800 2 1

  W 1000 800 300 50
  L 1500 500 50 1400
  T 1200 850 50 150 
  K 1300 900 0 2

  W 0 1800 800 50
  W 850 1700 50 50
  W 300 1550 400 50
  W 700 1650 100 50
  L 400 1050 100 500
  K 300 1300 1 3
  T 150 1700 50 100
  B 300 1500 600 1500 600 1100 300 1100
  
  W 1000 1850 500 50
  W 1550 1850 400 50
  W 1100 1000 300 50
  T 950 1200 400 50
  D 1800 1800 3 1
  B 1000 1800 1500 1800 1250 1700

R 1
  W 100 900 1800 50
  W 1100 550 50 350
  W 1150 550 700 50
  W 1850 550 50 350
  W 350 300 600 50
  L 300 300 50 600
  D 850 850 0 1
  D 1700 850 1 1
  D 1400 800 -1 1
  K 1500 500 4

#start room and initial coordinates of cursor
IR 0
IP 100 1600
